2017.12.28 기준(장마감)|005930|712|2,549,000|2,548,000|129|
2017.12.28 기준(장마감)|005930|3,005|2,550,000|2,547,000|2|
2017.12.28 기준(장마감)|005930|518|2,551,000|2,546,000|65|
2017.12.28 기준(장마감)|005930|713|2,552,000|2,545,000|211|
2017.12.28 기준(장마감)|005930|1,320|2,553,000|2,543,000|3|
2017.12.28 기준(장마감)|005930|55|2,554,000|2,541,000|7|
2017.12.28 기준(장마감)|005930|664|2,555,000|2,540,000|106|
2017.12.28 기준(장마감)|005930|92|2,556,000|2,539,000|6|
2017.12.28 기준(장마감)|005930|189|2,557,000|2,538,000|39|
2017.12.28 기준(장마감)|005930|133|2,558,000|2,537,000|303|
2017.12.28 기준(장마감)|000660|11,543|76,500|76,400|18,841|
2017.12.28 기준(장마감)|000660|18,512|76,600|76,300|30,037|
2017.12.28 기준(장마감)|000660|33,221|76,700|76,200|31,676|
2017.12.28 기준(장마감)|000660|78,556|76,800|76,100|15,866|
2017.12.28 기준(장마감)|000660|55,514|76,900|76,000|16,707|
2017.12.28 기준(장마감)|000660|45,490|77,000|75,900|17,030|
2017.12.28 기준(장마감)|000660|35,383|77,100|75,800|20,051|
2017.12.28 기준(장마감)|000660|32,359|77,200|75,700|12,229|
2017.12.28 기준(장마감)|000660|21,787|77,300|75,600|9,258|
2017.12.28 기준(장마감)|000660|14,356|77,400|75,500|18,300|
2017.12.28 기준(장마감)|005935|511|2,090,000|2,085,000|29|
2017.12.28 기준(장마감)|005935|280|2,091,000|2,077,000|14|
2017.12.28 기준(장마감)|005935|204|2,092,000|2,076,000|6|
2017.12.28 기준(장마감)|005935|109|2,093,000|2,068,000|1|
2017.12.28 기준(장마감)|005935|55|2,094,000|2,067,000|59|
2017.12.28 기준(장마감)|005935|88|2,095,000|2,066,000|225|
2017.12.28 기준(장마감)|005935|102|2,096,000|2,065,000|200|
2017.12.28 기준(장마감)|005935|382|2,097,000|2,064,000|21|
2017.12.28 기준(장마감)|005935|108|2,098,000|2,063,000|275|
2017.12.28 기준(장마감)|005935|807|2,099,000|2,062,000|153|
2017.12.28 기준(장마감)|005380|18,071|156,000|155,500|1,335|
2017.12.28 기준(장마감)|005380|16,647|156,500|155,000|10,124|
2017.12.28 기준(장마감)|005380|10,175|157,000|154,500|16,872|
2017.12.28 기준(장마감)|005380|5,893|157,500|154,000|10,763|
2017.12.28 기준(장마감)|005380|3,606|158,000|153,500|16,275|
2017.12.28 기준(장마감)|005380|3,142|158,500|153,000|10,783|
2017.12.28 기준(장마감)|005380|4,242|159,000|152,500|9,019|
2017.12.28 기준(장마감)|005380|3,874|159,500|152,000|13,187|
2017.12.28 기준(장마감)|005380|17,869|160,000|151,500|8,378|
2017.12.28 기준(장마감)|005380|4,705|160,500|151,000|6,021|
2017.12.28 기준(장마감)|005490|372|332,500|332,000|1,945|
2017.12.28 기준(장마감)|005490|1,677|333,000|331,500|6,047|
2017.12.28 기준(장마감)|005490|5,314|333,500|331,000|2,027|
2017.12.28 기준(장마감)|005490|3,882|334,000|330,500|8,202|
2017.12.28 기준(장마감)|005490|4,209|334,500|330,000|3,801|
2017.12.28 기준(장마감)|005490|1,834|335,000|329,500|2,422|
2017.12.28 기준(장마감)|005490|1,916|335,500|329,000|3,044|
2017.12.28 기준(장마감)|005490|1,207|336,000|328,500|1,430|
2017.12.28 기준(장마감)|005490|417|336,500|328,000|3,591|
2017.12.28 기준(장마감)|005490|426|337,000|327,500|566|
2017.12.28 기준(장마감)|035420|13|870,000|869,000|45|
2017.12.28 기준(장마감)|035420|1,684|871,000|868,000|625|
2017.12.28 기준(장마감)|035420|1,650|872,000|867,000|100|
2017.12.28 기준(장마감)|035420|490|873,000|866,000|32|
2017.12.28 기준(장마감)|035420|238|874,000|865,000|805|
2017.12.28 기준(장마감)|035420|115|875,000|864,000|1,231|
2017.12.28 기준(장마감)|035420|675|876,000|863,000|946|
2017.12.28 기준(장마감)|035420|282|877,000|862,000|1,811|
2017.12.28 기준(장마감)|035420|271|878,000|861,000|2,151|
2017.12.28 기준(장마감)|035420|666|879,000|860,000|2,074|
2017.12.28 기준(장마감)|051910|2,934|405,500|405,000|729|
2017.12.28 기준(장마감)|051910|4,921|406,000|404,500|186|
2017.12.28 기준(장마감)|051910|3,660|406,500|404,000|2,160|
2017.12.28 기준(장마감)|051910|5,485|407,000|403,500|1,824|
2017.12.28 기준(장마감)|051910|858|407,500|403,000|1,182|
2017.12.28 기준(장마감)|051910|2,111|408,000|402,500|2,524|
2017.12.28 기준(장마감)|051910|902|408,500|402,000|5,498|
2017.12.28 기준(장마감)|051910|1,325|409,000|401,500|737|
2017.12.28 기준(장마감)|051910|1,883|409,500|401,000|1,167|
2017.12.28 기준(장마감)|051910|2,516|410,000|400,500|1,390|
2017.12.28 기준(장마감)|105560|582|63,400|63,200|198|
2017.12.28 기준(장마감)|105560|20,604|63,500|63,100|790|
2017.12.28 기준(장마감)|105560|31,216|63,600|63,000|3,778|
2017.12.28 기준(장마감)|105560|9,650|63,700|62,900|26,795|
2017.12.28 기준(장마감)|105560|12,950|63,800|62,800|18,963|
2017.12.28 기준(장마감)|105560|10,809|63,900|62,700|1,566|
2017.12.28 기준(장마감)|105560|12,284|64,000|62,600|16,715|
2017.12.28 기준(장마감)|105560|3,678|64,100|62,500|9,870|
2017.12.28 기준(장마감)|105560|5,062|64,200|62,400|7,155|
2017.12.28 기준(장마감)|105560|18,739|64,300|62,300|1,643|
2017.12.28 기준(장마감)|012330|4,664|263,500|263,000|1,663|
2017.12.28 기준(장마감)|012330|1,716|264,000|262,500|3,279|
2017.12.28 기준(장마감)|012330|8,758|264,500|262,000|4,325|
2017.12.28 기준(장마감)|012330|5,626|265,000|261,500|4,796|
2017.12.28 기준(장마감)|012330|2,329|265,500|261,000|4,161|
2017.12.28 기준(장마감)|012330|922|266,000|260,500|3,350|
2017.12.28 기준(장마감)|012330|588|266,500|260,000|1,775|
2017.12.28 기준(장마감)|012330|2,224|267,000|259,500|1,318|
2017.12.28 기준(장마감)|012330|397|267,500|259,000|3,765|
2017.12.28 기준(장마감)|012330|1,240|268,000|258,500|1,500|
2017.12.28 기준(장마감)|015760|840|38,150|38,100|16,215|
2017.12.28 기준(장마감)|015760|8,344|38,200|38,050|13,212|
2017.12.28 기준(장마감)|015760|16,296|38,250|38,000|52,968|
2017.12.28 기준(장마감)|015760|8,474|38,300|37,950|49,983|
2017.12.28 기준(장마감)|015760|11,708|38,350|37,900|35,452|
2017.12.28 기준(장마감)|015760|18,270|38,400|37,850|13,031|
2017.12.28 기준(장마감)|015760|8,591|38,450|37,800|16,512|
2017.12.28 기준(장마감)|015760|26,352|38,500|37,750|11,370|
2017.12.28 기준(장마감)|015760|7,089|38,550|37,700|12,307|
2017.12.28 기준(장마감)|015760|5,143|38,600|37,650|4,872|
2017.12.28 기준(장마감)|068270|968|221,200|221,100|4,488|
2017.12.28 기준(장마감)|068270|2,012|221,300|221,000|16,134|
2017.12.28 기준(장마감)|068270|1,574|221,400|220,900|794|
2017.12.28 기준(장마감)|068270|2,861|221,500|220,800|1,627|
2017.12.28 기준(장마감)|068270|1,277|221,600|220,700|348|
2017.12.28 기준(장마감)|068270|404|221,700|220,600|14|
2017.12.28 기준(장마감)|068270|356|221,800|220,500|798|
2017.12.28 기준(장마감)|068270|820|221,900|220,400|1,231|
2017.12.28 기준(장마감)|068270|2,958|222,000|220,300|51|
2017.12.28 기준(장마감)|068270|155|222,100|220,200|4,212|
2017.12.28 기준(장마감)|032830|13,404|124,500|124,000|4,405|
2017.12.28 기준(장마감)|032830|15,175|125,000|123,500|11,959|
2017.12.28 기준(장마감)|032830|3,349|125,500|123,000|13,016|
2017.12.28 기준(장마감)|032830|3,077|126,000|122,500|15,543|
2017.12.28 기준(장마감)|032830|2,135|126,500|122,000|3,617|
2017.12.28 기준(장마감)|032830|2,664|127,000|121,500|2,723|
2017.12.28 기준(장마감)|032830|1,316|127,500|121,000|2,918|
2017.12.28 기준(장마감)|032830|1,268|128,000|120,500|2,618|
2017.12.28 기준(장마감)|032830|1,061|128,500|120,000|2,700|
2017.12.28 기준(장마감)|032830|894|129,000|119,500|263|
2017.12.28 기준(장마감)|055550|4,642|49,400|49,350|775|
2017.12.28 기준(장마감)|055550|7,387|49,450|49,300|1,837|
2017.12.28 기준(장마감)|055550|7,155|49,500|49,250|4,865|
2017.12.28 기준(장마감)|055550|19,343|49,550|49,200|12,993|
2017.12.28 기준(장마감)|055550|18,592|49,600|49,150|28,356|
2017.12.28 기준(장마감)|055550|8,256|49,650|49,100|38,660|
2017.12.28 기준(장마감)|055550|3,072|49,700|49,050|19,692|
2017.12.28 기준(장마감)|055550|4,226|49,750|49,000|19,439|
2017.12.28 기준(장마감)|055550|1,535|49,800|48,950|21,268|
2017.12.28 기준(장마감)|055550|3,341|49,850|48,900|5,618|
2017.12.28 기준(장마감)|028260|14,765|126,500|126,000|4,888|
2017.12.28 기준(장마감)|028260|11,027|127,000|125,500|17,097|
2017.12.28 기준(장마감)|028260|4,265|127,500|125,000|42,659|
2017.12.28 기준(장마감)|028260|4,393|128,000|124,500|31,886|
2017.12.28 기준(장마감)|028260|2,528|128,500|124,000|28,151|
2017.12.28 기준(장마감)|028260|2,251|129,000|123,500|19,522|
2017.12.28 기준(장마감)|028260|4,632|129,500|123,000|18,064|
2017.12.28 기준(장마감)|028260|15,358|130,000|122,500|9,094|
2017.12.28 기준(장마감)|028260|1,408|130,500|122,000|14,356|
2017.12.28 기준(장마감)|028260|2,930|131,000|121,500|4,736|
2017.12.28 기준(장마감)|207940|927|371,000|370,500|462|
2017.12.28 기준(장마감)|207940|2,065|371,500|370,000|901|
2017.12.28 기준(장마감)|207940|7,090|372,000|369,500|1,089|
2017.12.28 기준(장마감)|207940|2,978|372,500|369,000|1,385|
2017.12.28 기준(장마감)|207940|6,016|373,000|368,500|998|
2017.12.28 기준(장마감)|207940|3,447|373,500|368,000|3,260|
2017.12.28 기준(장마감)|207940|3,928|374,000|367,500|1,082|
2017.12.28 기준(장마감)|207940|3,638|374,500|367,000|3,962|
2017.12.28 기준(장마감)|207940|8,309|375,000|366,500|1,286|
2017.12.28 기준(장마감)|207940|1,321|375,500|366,000|601|
2017.12.28 기준(장마감)|017670|1,312|267,500|267,000|5|
2017.12.28 기준(장마감)|017670|3,862|268,000|266,500|2,970|
2017.12.28 기준(장마감)|017670|4,927|268,500|266,000|2,359|
2017.12.28 기준(장마감)|017670|4,240|269,000|265,500|3,949|
2017.12.28 기준(장마감)|017670|3,591|269,500|265,000|2,889|
2017.12.28 기준(장마감)|017670|2,672|270,000|264,500|1,454|
2017.12.28 기준(장마감)|017670|918|270,500|264,000|1,837|
2017.12.28 기준(장마감)|017670|1,185|271,000|263,500|1,010|
2017.12.28 기준(장마감)|017670|1,295|271,500|263,000|1,046|
2017.12.28 기준(장마감)|017670|1,699|272,000|262,500|836|
2017.12.28 기준(장마감)|034730|243|283,000|282,500|2,647|
2017.12.28 기준(장마감)|034730|110|283,500|282,000|5,268|
2017.12.28 기준(장마감)|034730|1,662|284,000|281,500|13,873|
2017.12.28 기준(장마감)|034730|3,133|284,500|281,000|714|
2017.12.28 기준(장마감)|034730|3,198|285,000|280,500|2,799|
2017.12.28 기준(장마감)|034730|521|285,500|280,000|4,584|
2017.12.28 기준(장마감)|034730|833|286,000|279,500|5,109|
2017.12.28 기준(장마감)|034730|230|286,500|279,000|2,095|
2017.12.28 기준(장마감)|034730|346|287,000|278,500|1,204|
2017.12.28 기준(장마감)|034730|280|287,500|278,000|2,196|
2017.12.28 기준(장마감)|096770|2,224|204,500|204,000|56|
2017.12.28 기준(장마감)|096770|11,767|205,000|203,500|6,090|
2017.12.28 기준(장마감)|096770|6,263|205,500|203,000|5,746|
2017.12.28 기준(장마감)|096770|3,270|206,000|202,500|5,160|
2017.12.28 기준(장마감)|096770|3,019|206,500|202,000|4,707|
2017.12.28 기준(장마감)|096770|3,655|207,000|201,500|5,209|
2017.12.28 기준(장마감)|096770|1,041|207,500|201,000|4,307|
2017.12.28 기준(장마감)|096770|1,651|208,000|200,500|2,401|
2017.12.28 기준(장마감)|096770|1,127|208,500|200,000|7,156|
2017.12.28 기준(장마감)|096770|2,264|209,000|199,500|661|
2017.12.28 기준(장마감)|051900|132|1,189,000|1,188,000|21|
2017.12.28 기준(장마감)|051900|149|1,190,000|1,187,000|296|
2017.12.28 기준(장마감)|051900|195|1,192,000|1,186,000|524|
2017.12.28 기준(장마감)|051900|448|1,193,000|1,185,000|228|
2017.12.28 기준(장마감)|051900|748|1,194,000|1,184,000|228|
2017.12.28 기준(장마감)|051900|760|1,195,000|1,183,000|132|
2017.12.28 기준(장마감)|051900|132|1,196,000|1,182,000|170|
2017.12.28 기준(장마감)|051900|75|1,197,000|1,181,000|319|
2017.12.28 기준(장마감)|051900|163|1,198,000|1,180,000|571|
2017.12.28 기준(장마감)|051900|82|1,199,000|1,179,000|1|
2017.12.28 기준(장마감)|090430|2,282|304,500|304,000|2,367|
2017.12.28 기준(장마감)|090430|3,450|305,000|303,500|1,683|
2017.12.28 기준(장마감)|090430|1,884|305,500|303,000|1,695|
2017.12.28 기준(장마감)|090430|4,737|306,000|302,500|3,642|
2017.12.28 기준(장마감)|090430|612|306,500|302,000|1,017|
2017.12.28 기준(장마감)|090430|1,443|307,000|301,500|1,020|
2017.12.28 기준(장마감)|090430|1,080|307,500|301,000|1,098|
2017.12.28 기준(장마감)|090430|1,001|308,000|300,500|686|
2017.12.28 기준(장마감)|090430|669|308,500|300,000|1,217|
2017.12.28 기준(장마감)|090430|1,028|309,000|299,500|144|
2017.12.28 기준(장마감)|033780|4,556|115,500|115,000|8,483|
2017.12.28 기준(장마감)|033780|20,148|116,000|114,500|14,955|
2017.12.28 기준(장마감)|033780|3,890|116,500|114,000|14,689|
2017.12.28 기준(장마감)|033780|3,313|117,000|113,500|13,264|
2017.12.28 기준(장마감)|033780|2,615|117,500|113,000|8,654|
2017.12.28 기준(장마감)|033780|4,055|118,000|112,500|4,683|
2017.12.28 기준(장마감)|033780|2,072|118,500|112,000|5,914|
2017.12.28 기준(장마감)|033780|3,797|119,000|111,500|4,188|
2017.12.28 기준(장마감)|033780|1,999|119,500|111,000|4,090|
2017.12.28 기준(장마감)|033780|16,412|120,000|110,500|2,495|
2017.12.28 기준(장마감)|066570|11,691|106,000|105,500|30,011|
2017.12.28 기준(장마감)|066570|19,673|106,500|105,000|54,362|
2017.12.28 기준(장마감)|066570|26,297|107,000|104,500|68,453|
2017.12.28 기준(장마감)|066570|10,296|107,500|104,000|8,081|
2017.12.28 기준(장마감)|066570|10,284|108,000|103,500|5,293|
2017.12.28 기준(장마감)|066570|16,242|108,500|103,000|7,659|
2017.12.28 기준(장마감)|066570|36,736|109,000|102,500|3,339|
2017.12.28 기준(장마감)|066570|31,125|109,500|102,000|3,546|
2017.12.28 기준(장마감)|066570|59,009|110,000|101,500|1,037|
2017.12.28 기준(장마감)|066570|13,560|110,500|101,000|1,727|
2017.12.28 기준(장마감)|251270|646|188,500|188,000|3,648|
2017.12.28 기준(장마감)|251270|3,917|189,000|187,500|5,293|
2017.12.28 기준(장마감)|251270|4,877|189,500|187,000|3,219|
2017.12.28 기준(장마감)|251270|2,392|190,000|186,500|5,131|
2017.12.28 기준(장마감)|251270|3,528|190,500|186,000|1,068|
2017.12.28 기준(장마감)|251270|3,213|191,000|185,500|828|
2017.12.28 기준(장마감)|251270|2,177|191,500|185,000|522|
2017.12.28 기준(장마감)|251270|977|192,000|184,500|149|
2017.12.28 기준(장마감)|251270|1,505|192,500|184,000|186|
2017.12.28 기준(장마감)|251270|7,583|193,000|183,500|53|
2017.12.28 기준(장마감)|018260|7,132|200,000|199,500|6|
2017.12.28 기준(장마감)|018260|704|200,500|199,000|15|
2017.12.28 기준(장마감)|018260|1,522|201,000|198,500|1,106|
2017.12.28 기준(장마감)|018260|573|201,500|198,000|2,066|
2017.12.28 기준(장마감)|018260|4,016|202,000|197,500|5,497|
2017.12.28 기준(장마감)|018260|1,688|202,500|197,000|2,767|
2017.12.28 기준(장마감)|018260|734|203,000|196,500|2,077|
2017.12.28 기준(장마감)|018260|82|203,500|196,000|1,762|
2017.12.28 기준(장마감)|018260|1,139|204,000|195,500|3,275|
2017.12.28 기준(장마감)|018260|1,188|204,500|195,000|3,320|
2017.12.28 기준(장마감)|003550|3,181|91,000|90,800|1,317|
2017.12.28 기준(장마감)|003550|2,760|91,100|90,700|2,566|
2017.12.28 기준(장마감)|003550|8,368|91,200|90,600|6,034|
2017.12.28 기준(장마감)|003550|6,135|91,300|90,500|3,909|
2017.12.28 기준(장마감)|003550|12,124|91,400|90,400|12,324|
2017.12.28 기준(장마감)|003550|3,037|91,500|90,300|2,583|
2017.12.28 기준(장마감)|003550|1,519|91,600|90,200|2,403|
2017.12.28 기준(장마감)|003550|1,000|91,700|90,100|1,763|
2017.12.28 기준(장마감)|003550|839|91,800|90,000|1,158|
2017.12.28 기준(장마감)|003550|1,306|91,900|89,900|563|
2017.12.28 기준(장마감)|086790|11,054|49,800|49,750|160|
2017.12.28 기준(장마감)|086790|17,984|49,850|49,700|2,502|
2017.12.28 기준(장마감)|086790|17,303|49,900|49,650|3,734|
2017.12.28 기준(장마감)|086790|8,578|49,950|49,600|4,418|
2017.12.28 기준(장마감)|086790|5,502|50,000|49,550|5,122|
2017.12.28 기준(장마감)|086790|6,616|50,100|49,500|17,140|
2017.12.28 기준(장마감)|086790|6,811|50,200|49,450|19,493|
2017.12.28 기준(장마감)|086790|194|50,300|49,400|5,518|
2017.12.28 기준(장마감)|086790|710|50,400|49,350|20,526|
2017.12.28 기준(장마감)|086790|148|50,500|49,300|5,943|
2017.12.28 기준(장마감)|010950|8,033|117,000|116,500|12,470|
2017.12.28 기준(장마감)|010950|17,172|117,500|116,000|37,883|
2017.12.28 기준(장마감)|010950|18,729|118,000|115,500|7,369|
2017.12.28 기준(장마감)|010950|10,792|118,500|115,000|6,113|
2017.12.28 기준(장마감)|010950|7,003|119,000|114,500|3,370|
2017.12.28 기준(장마감)|010950|5,774|119,500|114,000|16,458|
2017.12.28 기준(장마감)|010950|5,119|120,000|113,500|1,986|
2017.12.28 기준(장마감)|010950|4,622|120,500|113,000|812|
2017.12.28 기준(장마감)|010950|1,869|121,000|112,500|642|
2017.12.28 기준(장마감)|010950|4,078|121,500|112,000|390|
2017.12.28 기준(장마감)|006400|2,867|205,000|204,500|2,375|
2017.12.28 기준(장마감)|006400|8,802|205,500|204,000|2,891|
2017.12.28 기준(장마감)|006400|4,052|206,000|203,500|2,524|
2017.12.28 기준(장마감)|006400|7,273|206,500|203,000|8,071|
2017.12.28 기준(장마감)|006400|4,731|207,000|202,500|4,014|
2017.12.28 기준(장마감)|006400|1,690|207,500|202,000|4,364|
2017.12.28 기준(장마감)|006400|688|208,000|201,500|648|
2017.12.28 기준(장마감)|006400|1,692|208,500|201,000|1,251|
2017.12.28 기준(장마감)|006400|1,501|209,000|200,500|531|
2017.12.28 기준(장마감)|006400|1,293|209,500|200,000|3,620|
2017.12.28 기준(장마감)|000270|18,004|33,500|33,450|1,120|
2017.12.28 기준(장마감)|000270|21,468|33,550|33,400|622|
2017.12.28 기준(장마감)|000270|16,214|33,600|33,350|21,168|
2017.12.28 기준(장마감)|000270|8,301|33,650|33,300|53,520|
2017.12.28 기준(장마감)|000270|8,748|33,700|33,250|18,832|
2017.12.28 기준(장마감)|000270|8,214|33,750|33,200|21,405|
2017.12.28 기준(장마감)|000270|2,068|33,800|33,150|2,117|
2017.12.28 기준(장마감)|000270|1,614|33,850|33,100|27,730|
2017.12.28 기준(장마감)|000270|10,326|33,900|33,050|8,606|
2017.12.28 기준(장마감)|000270|6,282|33,950|33,000|9,242|
2017.12.28 기준(장마감)|091990|4,779|108,600|108,500|2,202|
2017.12.28 기준(장마감)|091990|7,640|108,700|108,400|1,059|
2017.12.28 기준(장마감)|091990|1,684|108,800|108,300|4,867|
2017.12.28 기준(장마감)|091990|1,325|108,900|108,200|825|
2017.12.28 기준(장마감)|091990|5,416|109,000|108,100|998|
2017.12.28 기준(장마감)|091990|9,395|109,100|108,000|955|
2017.12.28 기준(장마감)|091990|94|109,200|107,900|326|
2017.12.28 기준(장마감)|091990|906|109,300|107,800|571|
2017.12.28 기준(장마감)|091990|1,473|109,400|107,700|534|
2017.12.28 기준(장마감)|091990|4,231|109,500|107,600|2,709|
2017.12.28 기준(장마감)|000810|904|267,000|266,500|4|
2017.12.28 기준(장마감)|000810|4,438|267,500|266,000|3,733|
2017.12.28 기준(장마감)|000810|4,019|268,000|265,500|4,975|
2017.12.28 기준(장마감)|000810|2,503|268,500|265,000|2,162|
2017.12.28 기준(장마감)|000810|1,361|269,000|264,500|1,381|
2017.12.28 기준(장마감)|000810|757|269,500|264,000|4,948|
2017.12.28 기준(장마감)|000810|1,609|270,000|263,500|457|
2017.12.28 기준(장마감)|000810|699|270,500|263,000|146|
2017.12.28 기준(장마감)|000810|927|271,000|262,500|154|
2017.12.28 기준(장마감)|000810|1,605|271,500|262,000|115|
2017.12.28 기준(장마감)|011170|1,804|368,500|368,000|256|
2017.12.28 기준(장마감)|011170|1,782|369,000|367,500|1,734|
2017.12.28 기준(장마감)|011170|2,699|369,500|367,000|1,881|
2017.12.28 기준(장마감)|011170|4,455|370,000|366,500|969|
2017.12.28 기준(장마감)|011170|2,177|370,500|366,000|2,442|
2017.12.28 기준(장마감)|011170|891|371,000|365,500|996|
2017.12.28 기준(장마감)|011170|516|371,500|365,000|471|
2017.12.28 기준(장마감)|011170|571|372,000|364,500|534|
2017.12.28 기준(장마감)|011170|227|372,500|364,000|10|
2017.12.28 기준(장마감)|011170|403|373,000|363,500|317|
2017.12.28 기준(장마감)|002790|2,918|141,000|140,500|15|
2017.12.28 기준(장마감)|002790|6,400|141,500|140,000|3,503|
2017.12.28 기준(장마감)|002790|2,150|142,000|139,500|5,318|
2017.12.28 기준(장마감)|002790|884|142,500|139,000|1,386|
2017.12.28 기준(장마감)|002790|495|143,000|138,500|762|
2017.12.28 기준(장마감)|002790|124|143,500|138,000|548|
2017.12.28 기준(장마감)|002790|950|144,000|137,500|428|
2017.12.28 기준(장마감)|002790|210|144,500|137,000|146|
2017.12.28 기준(장마감)|002790|457|145,000|136,500|89|
2017.12.28 기준(장마감)|002790|121|145,500|136,000|126|
2017.12.28 기준(장마감)|000030|8,487|15,800|15,750|83,052|
2017.12.28 기준(장마감)|000030|185,093|15,850|15,700|77,429|
2017.12.28 기준(장마감)|000030|66,419|15,900|15,650|42,847|
2017.12.28 기준(장마감)|000030|29,369|15,950|15,600|33,640|
2017.12.28 기준(장마감)|000030|25,141|16,000|15,550|22,077|
2017.12.28 기준(장마감)|000030|7,504|16,050|15,500|28,545|
2017.12.28 기준(장마감)|000030|3,740|16,100|15,450|10,001|
2017.12.28 기준(장마감)|000030|1,973|16,150|15,400|10,499|
2017.12.28 기준(장마감)|000030|19,865|16,200|15,350|5,210|
2017.12.28 기준(장마감)|000030|4,167|16,250|15,300|1,142|
2017.12.28 기준(장마감)|034220|23,584|29,950|29,900|29,493|
2017.12.28 기준(장마감)|034220|26,148|30,000|29,850|71,022|
2017.12.28 기준(장마감)|034220|52,646|30,050|29,800|41,918|
2017.12.28 기준(장마감)|034220|61,338|30,100|29,750|14,493|
2017.12.28 기준(장마감)|034220|40,273|30,150|29,700|41,492|
2017.12.28 기준(장마감)|034220|58,031|30,200|29,650|24,323|
2017.12.28 기준(장마감)|034220|22,240|30,250|29,600|15,503|
2017.12.28 기준(장마감)|034220|29,420|30,300|29,550|64,299|
2017.12.28 기준(장마감)|034220|34,660|30,350|29,500|228,342|
2017.12.28 기준(장마감)|034220|31,165|30,400|29,450|217,848|
2017.12.28 기준(장마감)|024110|148,992|16,450|16,400|70|
2017.12.28 기준(장마감)|024110|32,850|16,500|16,350|15,757|
2017.12.28 기준(장마감)|024110|19,214|16,550|16,300|41,836|
2017.12.28 기준(장마감)|024110|14,061|16,600|16,250|102,379|
2017.12.28 기준(장마감)|024110|3,805|16,650|16,200|57,125|
2017.12.28 기준(장마감)|024110|1,118|16,700|16,150|53,437|
2017.12.28 기준(장마감)|024110|5,498|16,750|16,100|66,322|
2017.12.28 기준(장마감)|024110|37,108|16,800|16,050|41,436|
2017.12.28 기준(장마감)|024110|3,331|16,850|16,000|60,398|
2017.12.28 기준(장마감)|024110|8,269|16,900|15,950|2,424|
2017.12.28 기준(장마감)|036570|390|447,500|447,000|664|
2017.12.28 기준(장마감)|036570|1,006|448,000|446,500|893|
2017.12.28 기준(장마감)|036570|862|448,500|446,000|877|
2017.12.28 기준(장마감)|036570|1,126|449,000|445,500|1,485|
2017.12.28 기준(장마감)|036570|870|449,500|445,000|1,693|
2017.12.28 기준(장마감)|036570|3,051|450,000|444,500|1,782|
2017.12.28 기준(장마감)|036570|703|450,500|444,000|1,228|
2017.12.28 기준(장마감)|036570|709|451,000|443,500|958|
2017.12.28 기준(장마감)|036570|1,218|451,500|443,000|786|
2017.12.28 기준(장마감)|036570|2,129|452,000|442,500|216|
2017.12.28 기준(장마감)|010130|384|493,000|492,500|25|
2017.12.28 기준(장마감)|010130|506|493,500|491,500|258|
2017.12.28 기준(장마감)|010130|1,081|494,000|491,000|937|
2017.12.28 기준(장마감)|010130|1,590|494,500|490,500|959|
2017.12.28 기준(장마감)|010130|1,122|495,000|490,000|612|
2017.12.28 기준(장마감)|010130|28|495,500|489,500|1,392|
2017.12.28 기준(장마감)|010130|237|496,000|489,000|550|
2017.12.28 기준(장마감)|010130|211|496,500|488,500|227|
2017.12.28 기준(장마감)|010130|308|497,000|488,000|331|
2017.12.28 기준(장마감)|010130|117|497,500|487,500|43|
2017.12.28 기준(장마감)|035720|11,382|137,500|137,000|9,387|
2017.12.28 기준(장마감)|035720|12,352|138,000|136,500|12,211|
2017.12.28 기준(장마감)|035720|6,345|138,500|136,000|8,001|
2017.12.28 기준(장마감)|035720|6,695|139,000|135,500|6,626|
2017.12.28 기준(장마감)|035720|8,190|139,500|135,000|15,944|
2017.12.28 기준(장마감)|035720|13,317|140,000|134,500|9,247|
2017.12.28 기준(장마감)|035720|11,978|140,500|134,000|11,566|
2017.12.28 기준(장마감)|035720|17,540|141,000|133,500|4,576|
2017.12.28 기준(장마감)|035720|13,620|141,500|133,000|10,123|
2017.12.28 기준(장마감)|035720|18,320|142,000|132,500|7,717|
2017.12.28 기준(장마감)|030200|3,305|30,300|30,250|625|
2017.12.28 기준(장마감)|030200|9,233|30,350|30,200|9,881|
2017.12.28 기준(장마감)|030200|6,314|30,400|30,150|17,227|
2017.12.28 기준(장마감)|030200|7,896|30,450|30,100|16,192|
2017.12.28 기준(장마감)|030200|4,460|30,500|30,050|19,593|
2017.12.28 기준(장마감)|030200|6,538|30,550|30,000|22,561|
2017.12.28 기준(장마감)|030200|3,207|30,600|29,950|9,643|
2017.12.28 기준(장마감)|030200|2,737|30,650|29,900|7,921|
2017.12.28 기준(장마감)|030200|2,908|30,700|29,850|5,018|
2017.12.28 기준(장마감)|030200|1,839|30,750|29,800|13,483|
2017.12.28 기준(장마감)|004020|4,058|58,600|58,500|5,066|
2017.12.28 기준(장마감)|004020|17,014|58,700|58,400|402|
2017.12.28 기준(장마감)|004020|6,268|58,800|58,300|3,996|
2017.12.28 기준(장마감)|004020|2,065|58,900|58,200|5,095|
2017.12.28 기준(장마감)|004020|4,078|59,000|58,100|4,798|
2017.12.28 기준(장마감)|004020|1,403|59,100|58,000|5,433|
2017.12.28 기준(장마감)|004020|2,703|59,200|57,900|1,576|
2017.12.28 기준(장마감)|004020|772|59,300|57,800|1,135|
2017.12.28 기준(장마감)|004020|560|59,400|57,700|347|
2017.12.28 기준(장마감)|004020|3,314|59,500|57,600|129|
2017.12.28 기준(장마감)|009540|14,343|101,000|100,500|6,382|
2017.12.28 기준(장마감)|009540|8,752|101,500|100,000|40,194|
2017.12.28 기준(장마감)|009540|10,935|102,000|99,900|1,886|
2017.12.28 기준(장마감)|009540|8,320|102,500|99,800|1,406|
2017.12.28 기준(장마감)|009540|9,633|103,000|99,700|765|
2017.12.28 기준(장마감)|009540|4,123|103,500|99,600|478|
2017.12.28 기준(장마감)|009540|3,702|104,000|99,500|3,211|
2017.12.28 기준(장마감)|009540|5,551|104,500|99,400|2,492|
2017.12.28 기준(장마감)|009540|9,594|105,000|99,300|2,125|
2017.12.28 기준(장마감)|009540|1,329|105,500|99,200|2,396|
2017.12.28 기준(장마감)|139480|1,345|271,000|270,000|137|
2017.12.28 기준(장마감)|139480|5,821|271,500|269,500|1,356|
2017.12.28 기준(장마감)|139480|463|272,000|269,000|1,604|
2017.12.28 기준(장마감)|139480|170|272,500|268,500|2,448|
2017.12.28 기준(장마감)|139480|221|273,000|268,000|2,115|
2017.12.28 기준(장마감)|139480|16|273,500|267,500|824|
2017.12.28 기준(장마감)|139480|207|274,000|267,000|746|
2017.12.28 기준(장마감)|139480|9|274,500|266,500|11|
2017.12.28 기준(장마감)|139480|247|275,000|266,000|43|
2017.12.28 기준(장마감)|139480|132|275,500|265,500|81|
2017.12.28 기준(장마감)|009150|17,084|100,000|99,900|3,780|
2017.12.28 기준(장마감)|009150|36,574|100,500|99,800|411|
2017.12.28 기준(장마감)|009150|26,217|101,000|99,700|34|
2017.12.28 기준(장마감)|009150|20,477|101,500|99,600|2,485|
2017.12.28 기준(장마감)|009150|22,297|102,000|99,500|4,670|
2017.12.28 기준(장마감)|009150|21,942|102,500|99,400|6,270|
2017.12.28 기준(장마감)|009150|14,646|103,000|99,300|2,708|
2017.12.28 기준(장마감)|009150|13,653|103,500|99,200|11,382|
2017.12.28 기준(장마감)|009150|8,109|104,000|99,100|2,712|
2017.12.28 기준(장마감)|009150|17,346|104,500|99,000|2,836|
2017.12.28 기준(장마감)|021240|1,355|97,700|97,600|24|
2017.12.28 기준(장마감)|021240|958|97,800|97,500|12|
2017.12.28 기준(장마감)|021240|1,728|97,900|97,400|2,252|
2017.12.28 기준(장마감)|021240|6,342|98,000|97,300|2,124|
2017.12.28 기준(장마감)|021240|1,387|98,100|97,200|2,304|
2017.12.28 기준(장마감)|021240|234|98,200|97,100|1,712|
2017.12.28 기준(장마감)|021240|7,584|98,300|97,000|3,463|
2017.12.28 기준(장마감)|021240|36|98,400|96,900|1,751|
2017.12.28 기준(장마감)|021240|656|98,500|96,800|1,634|
2017.12.28 기준(장마감)|021240|161|98,600|96,700|9,255|
2017.12.28 기준(장마감)|035250|10,135|34,800|34,750|5,979|
2017.12.28 기준(장마감)|035250|4,002|34,850|34,700|9,882|
2017.12.28 기준(장마감)|035250|16,680|34,900|34,650|4,165|
2017.12.28 기준(장마감)|035250|29,683|34,950|34,600|19,977|
2017.12.28 기준(장마감)|035250|9,012|35,000|34,550|2,550|
2017.12.28 기준(장마감)|035250|9,346|35,050|34,500|1,713|
2017.12.28 기준(장마감)|035250|4,052|35,100|34,450|897|
2017.12.28 기준(장마감)|035250|3,389|35,150|34,400|200|
2017.12.28 기준(장마감)|035250|1,336|35,200|34,350|360|
2017.12.28 기준(장마감)|035250|79|35,250|34,300|3,291|
2017.12.28 기준(장마감)|018880|22,021|13,900|13,850|31,288|
2017.12.28 기준(장마감)|018880|48,061|13,950|13,800|23,234|
2017.12.28 기준(장마감)|018880|74,410|14,000|13,750|35,716|
2017.12.28 기준(장마감)|018880|20,820|14,050|13,700|4,235|
2017.12.28 기준(장마감)|018880|17,397|14,100|13,650|1,879|
2017.12.28 기준(장마감)|018880|22,933|14,150|13,600|2,894|
2017.12.28 기준(장마감)|018880|14,892|14,200|13,550|975|
2017.12.28 기준(장마감)|018880|19,430|14,250|13,500|3,722|
2017.12.28 기준(장마감)|018880|13,402|14,300|13,450|3,185|
2017.12.28 기준(장마감)|018880|6,728|14,350|13,400|8,470|
2017.12.28 기준(장마감)|008930|1,968|111,000|110,500|3,084|
2017.12.28 기준(장마감)|008930|15,197|111,500|110,000|9,403|
2017.12.28 기준(장마감)|008930|2,317|112,000|109,500|1,910|
2017.12.28 기준(장마감)|008930|1,864|112,500|109,000|1,384|
2017.12.28 기준(장마감)|008930|1,876|113,000|108,500|839|
2017.12.28 기준(장마감)|008930|1,467|113,500|108,000|775|
2017.12.28 기준(장마감)|008930|2,710|114,000|107,500|1,916|
2017.12.28 기준(장마감)|008930|961|114,500|107,000|1,735|
2017.12.28 기준(장마감)|008930|3,509|115,000|106,500|1,270|
2017.12.28 기준(장마감)|008930|1,585|115,500|106,000|1,680|
2017.12.28 기준(장마감)|161390|2,821|54,600|54,500|178|
2017.12.28 기준(장마감)|161390|15,291|54,700|54,400|116|
2017.12.28 기준(장마감)|161390|6,284|54,800|54,300|9,301|
2017.12.28 기준(장마감)|161390|617|54,900|54,200|12,217|
2017.12.28 기준(장마감)|161390|2,305|55,000|54,100|7,605|
2017.12.28 기준(장마감)|161390|630|55,100|54,000|13,139|
2017.12.28 기준(장마감)|161390|1,594|55,200|53,900|1,468|
2017.12.28 기준(장마감)|161390|540|55,300|53,800|2,032|
2017.12.28 기준(장마감)|161390|1,097|55,400|53,700|530|
2017.12.28 기준(장마감)|161390|2,544|55,500|53,600|207|
2017.12.28 기준(장마감)|128940|2,234|585,000|584,000|206|
2017.12.28 기준(장마감)|128940|1,563|586,000|583,000|18|
2017.12.28 기준(장마감)|128940|982|587,000|582,000|795|
2017.12.28 기준(장마감)|128940|1,380|588,000|581,000|1,226|
2017.12.28 기준(장마감)|128940|1,161|589,000|580,000|1,500|
2017.12.28 기준(장마감)|128940|2,636|590,000|579,000|525|
2017.12.28 기준(장마감)|128940|856|591,000|578,000|338|
2017.12.28 기준(장마감)|128940|941|592,000|577,000|273|
2017.12.28 기준(장마감)|128940|693|593,000|576,000|141|
2017.12.28 기준(장마감)|128940|308|594,000|575,000|441|
2017.12.28 기준(장마감)|032640|625|14,050|14,000|46,856|
2017.12.28 기준(장마감)|032640|17,788|14,100|13,950|75,052|
2017.12.28 기준(장마감)|032640|37,168|14,150|13,900|55,343|
2017.12.28 기준(장마감)|032640|11,518|14,200|13,850|13,736|
2017.12.28 기준(장마감)|032640|1,380|14,250|13,800|19,853|
2017.12.28 기준(장마감)|032640|13,342|14,300|13,750|5,207|
2017.12.28 기준(장마감)|032640|10,261|14,350|13,700|11,305|
2017.12.28 기준(장마감)|032640|29,471|14,400|13,650|244|
2017.12.28 기준(장마감)|032640|12,960|14,450|13,600|4,202|
2017.12.28 기준(장마감)|032640|27,501|14,500|13,550|795|
2017.12.28 기준(장마감)|088350|3,038|6,910|6,900|1,837|
2017.12.28 기준(장마감)|088350|29,300|6,920|6,890|17,621|
2017.12.28 기준(장마감)|088350|42,911|6,930|6,880|41,711|
2017.12.28 기준(장마감)|088350|53,629|6,940|6,870|10,319|
2017.12.28 기준(장마감)|088350|7,794|6,950|6,860|59,729|
2017.12.28 기준(장마감)|088350|13,436|6,960|6,850|16,413|
2017.12.28 기준(장마감)|088350|1,188|6,970|6,840|9,025|
2017.12.28 기준(장마감)|088350|2,030|6,980|6,830|10,178|
2017.12.28 기준(장마감)|088350|11,974|6,990|6,820|9,223|
2017.12.28 기준(장마감)|088350|2,562|7,000|6,810|8,594|
2017.12.28 기준(장마감)|267250|64|381,500|381,000|5,084|
2017.12.28 기준(장마감)|267250|905|382,000|380,500|758|
2017.12.28 기준(장마감)|267250|51|382,500|380,000|648|
2017.12.28 기준(장마감)|267250|89|383,000|379,500|734|
2017.12.28 기준(장마감)|267250|138|383,500|379,000|1,696|
2017.12.28 기준(장마감)|267250|699|384,000|378,500|844|
2017.12.28 기준(장마감)|267250|572|384,500|378,000|254|
2017.12.28 기준(장마감)|267250|1,328|385,000|377,500|425|
2017.12.28 기준(장마감)|267250|299|385,500|377,000|183|
2017.12.28 기준(장마감)|267250|1,349|386,000|376,500|12|
2017.12.28 기준(장마감)|006800|28,158|9,190|9,180|1,663|
2017.12.28 기준(장마감)|006800|81,008|9,200|9,170|1,226|
2017.12.28 기준(장마감)|006800|34,449|9,210|9,160|14,233|
2017.12.28 기준(장마감)|006800|12,504|9,220|9,150|38,921|
2017.12.28 기준(장마감)|006800|15,437|9,230|9,140|18,980|
2017.12.28 기준(장마감)|006800|21,639|9,240|9,130|38,222|
2017.12.28 기준(장마감)|006800|25,028|9,250|9,120|34,612|
2017.12.28 기준(장마감)|006800|37,417|9,260|9,110|48,128|
2017.12.28 기준(장마감)|006800|10,374|9,270|9,100|56,820|
2017.12.28 기준(장마감)|006800|9,897|9,280|9,090|29,637|
2017.12.28 기준(장마감)|078930|2,443|62,200|62,000|5,939|
2017.12.28 기준(장마감)|078930|5,134|62,300|61,900|6,294|
2017.12.28 기준(장마감)|078930|18,447|62,400|61,800|7,379|
2017.12.28 기준(장마감)|078930|1,859|62,500|61,700|1,412|
2017.12.28 기준(장마감)|078930|1,143|62,600|61,600|1,743|
2017.12.28 기준(장마감)|078930|2,708|62,700|61,500|3,754|
2017.12.28 기준(장마감)|078930|512|62,800|61,400|1,463|
2017.12.28 기준(장마감)|078930|242|62,900|61,300|1,364|
2017.12.28 기준(장마감)|078930|1,753|63,000|61,200|661|
2017.12.28 기준(장마감)|078930|47|63,100|61,100|867|
2017.12.28 기준(장마감)|215600|4,185|93,600|93,500|56,803|
2017.12.28 기준(장마감)|215600|2,229|93,700|93,400|23,275|
2017.12.28 기준(장마감)|215600|5,939|93,800|93,300|16,254|
2017.12.28 기준(장마감)|215600|3,151|93,900|93,200|33,322|
2017.12.28 기준(장마감)|215600|23,319|94,000|93,100|15,433|
2017.12.28 기준(장마감)|215600|2,014|94,100|93,000|10,381|
2017.12.28 기준(장마감)|215600|2,675|94,200|92,900|3,040|
2017.12.28 기준(장마감)|215600|6,781|94,300|92,800|5,414|
2017.12.28 기준(장마감)|215600|1,929|94,400|92,700|6,454|
2017.12.28 기준(장마감)|215600|11,493|94,500|92,600|4,570|
2017.12.28 기준(장마감)|023530|76|199,000|198,500|1,242|
2017.12.28 기준(장마감)|023530|1,869|199,500|198,000|4,067|
2017.12.28 기준(장마감)|023530|5,399|200,000|197,500|4,957|
2017.12.28 기준(장마감)|023530|622|200,500|197,000|2,413|
2017.12.28 기준(장마감)|023530|747|201,000|196,500|1,640|
2017.12.28 기준(장마감)|023530|1,192|201,500|196,000|2,747|
2017.12.28 기준(장마감)|023530|1,435|202,000|195,500|850|
2017.12.28 기준(장마감)|023530|998|202,500|195,000|1,754|
2017.12.28 기준(장마감)|023530|876|203,000|194,500|1,960|
2017.12.28 기준(장마감)|023530|89|203,500|194,000|1,301|
2017.12.28 기준(장마감)|001040|1,019|181,500|181,000|1,974|
2017.12.28 기준(장마감)|001040|1,714|182,000|180,500|2,546|
2017.12.28 기준(장마감)|001040|4,812|182,500|180,000|2,306|
2017.12.28 기준(장마감)|001040|1,587|183,000|179,500|818|
2017.12.28 기준(장마감)|001040|440|183,500|179,000|386|
2017.12.28 기준(장마감)|001040|642|184,000|178,500|395|
2017.12.28 기준(장마감)|001040|678|184,500|178,000|646|
2017.12.28 기준(장마감)|001040|819|185,000|177,500|274|
2017.12.28 기준(장마감)|001040|1,092|185,500|177,000|361|
2017.12.28 기준(장마감)|001040|344|186,000|176,500|577|
2017.12.28 기준(장마감)|086280|2,558|136,000|135,500|1,673|
2017.12.28 기준(장마감)|086280|8,519|136,500|135,000|6,549|
2017.12.28 기준(장마감)|086280|1,663|137,000|134,500|10,353|
2017.12.28 기준(장마감)|086280|1,572|137,500|134,000|1,256|
2017.12.28 기준(장마감)|086280|3,014|138,000|133,500|2,451|
2017.12.28 기준(장마감)|086280|2,392|138,500|133,000|5,422|
2017.12.28 기준(장마감)|086280|2,027|139,000|132,500|3,118|
2017.12.28 기준(장마감)|086280|401|139,500|132,000|4,661|
2017.12.28 기준(장마감)|086280|1,575|140,000|131,500|3,053|
2017.12.28 기준(장마감)|086280|137|140,500|131,000|2,083|
2017.12.28 기준(장마감)|005830|1,755|71,200|71,100|553|
2017.12.28 기준(장마감)|005830|10,386|71,300|71,000|493|
2017.12.28 기준(장마감)|005830|5,423|71,400|70,900|1,529|
2017.12.28 기준(장마감)|005830|2,978|71,500|70,800|4,554|
2017.12.28 기준(장마감)|005830|773|71,600|70,700|7,346|
2017.12.28 기준(장마감)|005830|1,574|71,700|70,600|860|
2017.12.28 기준(장마감)|005830|1,299|71,800|70,500|5,470|
2017.12.28 기준(장마감)|005830|935|71,900|70,400|835|
2017.12.28 기준(장마감)|005830|987|72,000|70,300|555|
2017.12.28 기준(장마감)|005830|379|72,100|70,200|355|
2017.12.28 기준(장마감)|009830|19,835|31,600|31,550|300|
2017.12.28 기준(장마감)|009830|34,776|31,650|31,500|430|
2017.12.28 기준(장마감)|009830|18,957|31,700|31,450|15,357|
2017.12.28 기준(장마감)|009830|24,531|31,750|31,400|1,095|
2017.12.28 기준(장마감)|009830|33,579|31,800|31,350|4,076|
2017.12.28 기준(장마감)|009830|8,187|31,850|31,300|6,914|
2017.12.28 기준(장마감)|009830|4,720|31,900|31,250|32,446|
2017.12.28 기준(장마감)|009830|3,850|31,950|31,200|4,632|
2017.12.28 기준(장마감)|009830|18,898|32,000|31,150|5,859|
2017.12.28 기준(장마감)|009830|1,015|32,050|31,100|7,403|
2017.12.28 기준(장마감)|097950|227|366,000|365,500|721|
2017.12.28 기준(장마감)|097950|91|366,500|365,000|1,514|
2017.12.28 기준(장마감)|097950|1,171|367,000|364,500|505|
2017.12.28 기준(장마감)|097950|48|367,500|364,000|1,889|
2017.12.28 기준(장마감)|097950|2,526|368,000|363,500|408|
2017.12.28 기준(장마감)|097950|200|368,500|363,000|1,691|
2017.12.28 기준(장마감)|097950|1,600|369,000|362,500|385|
2017.12.28 기준(장마감)|097950|338|369,500|362,000|347|
2017.12.28 기준(장마감)|097950|274|370,000|361,500|2,072|
2017.12.28 기준(장마감)|097950|33|370,500|361,000|61|
2017.12.28 기준(장마감)|004800|13,888|139,500|139,000|1,040|
2017.12.28 기준(장마감)|004800|7,523|140,000|138,500|3,075|
2017.12.28 기준(장마감)|004800|2,583|140,500|138,000|11,449|
2017.12.28 기준(장마감)|004800|1,792|141,000|137,500|3,586|
2017.12.28 기준(장마감)|004800|2,091|141,500|137,000|3,931|
2017.12.28 기준(장마감)|004800|3,146|142,000|136,500|1,711|
2017.12.28 기준(장마감)|004800|1,724|142,500|136,000|980|
2017.12.28 기준(장마감)|004800|2,105|143,000|135,500|2,103|
2017.12.28 기준(장마감)|004800|793|143,500|135,000|1,530|
2017.12.28 기준(장마감)|004800|2,505|144,000|134,500|5,381|
2017.12.28 기준(장마감)|029780|5,250|39,600|39,550|3,612|
2017.12.28 기준(장마감)|029780|4,607|39,650|39,500|1,357|
2017.12.28 기준(장마감)|029780|2,166|39,700|39,450|2,004|
2017.12.28 기준(장마감)|029780|1,832|39,750|39,400|1,035|
2017.12.28 기준(장마감)|029780|3,784|39,800|